00601
00602
00603
00604
00605
00605
00606
00610
00611
00612
00613
00613
00614
00616
00617
00622
00623
00624
00627
00631
00637
00638
00641
00646
00647
00650
00652
00653
00656
00659
00660
00662
00664
00667
00669
00670
00674
00676
00676
00677
00678
00680
00680
00681
00681
00682
00683
00685
00685
00685
00687
00688
00690
00692
00692
00693
00694
00698
00703
00704
00705
00707
00714
00715
00716
00717
00718
00719
00720
00721
00723
00725
00726
00726
00727
00728
00729
00730
00731
00732
00732
00733
00735
00736
00737
00738
00739
00740
00740
00741
00741
00744
00745
00751
00754
00757
00765
00766
00767
00769
00771
00772
00773
00775
00777
00778
00780
00782
00783
00783
00784
00785
00786
00791
00792
00794
00795
00801
00801
00802
00803
00804
00805
00820
00821
00822
00823
00824
00830
00831
00840
00841
00850
00851
00901
00902
00907
00908
00908
00909
00910
00911
00912
00913
00914
00915
00916
00917
00918
00919
00920
00921
00922
00923
00924
00925
00926
00927
00928
00928
00929
00931
00933
00934
00934
00936
00937
00940
00949
00950
00951
00952
00953
00954
00955
00956
00957
00958
00959
00960
00960
00961
00962
00963
00963
00965
00966
00968
00969
00970
00971
00976
00977
00978
00979
00981
00982
00983
00984
00984
00985
00986
00987
00988
01001
01002
01004
01004
01005
01007
01008
01009
01010
01011
01011
01012
01013
01014
01020
01021
01022
01026
01027
01028
01029
01030
01030
01031
01032
01033
01034
01035
01035
01036
01037
01038
01039
01039
01040
01041
01041
01050
01053
01054
01056
01056
01057
01059
01060
01061
01062
01062
01066
01068
01069
01070
01070
01071
01072
01073
01074
01075
01077
01079
01080
01080
01081
01082
01083
01083
01084
01085
01086
01089
01090
01092
01093
01094
01095
01096
01098
01101
01102
01103
01103
01104
01105
01106
01107
01107
01108
01109
01115
01116
01118
01119
01128
01129
01138
01139
01151
01151
01201
01202
01220
01222
01223
01224
01225
01226
01227
01229
01230
01235
01236
01237
01237
01238
01240
01240
01242
01243
01244
01245
01247
01253
01254
01255
01255
01257
01258
01259
01260
01262
01264
01266
01267
01270
01270
01301
01302
01330
01331
01337
01338
01339
01340
01341
01342
01342
01344
01344
01346
01349
01349
01351
01351
01354
01355
01360
01364
01366
01366
01367
01367
01368
01370
01373
01375
01375
01376
01379
01380
01420
01420
01430
01431
01432
01434
01434
01436
01438
01440
01450
01451
01452
01453
01460
01460
01462
01463
01464
01467
01468
01469
01472
01473
01474
01475
01501
01503
01504
01505
01506
01507
01508
01509
01510
01515
01516
01518
01519
01520
01521
01522
01523
01524
01525
01526
01527
01529
01531
01531
01532
01534
01535
01536
01537
01537
01538
01540
01541
01542
01543
01545
01545
01545
01550
01560
01561
01562
01564
01566
01568
01569
01570
01571
01571
01581
01583
01585
01586
01588
01590
01601
01602
01602
01603
01603
01604
01605
01605
01606
01606
01607
01607
01608
01609
01610
01611
01612
01612
01613
01614
01615
01701
01702
01703
01704
01705
01718
01719
01720
01720
01721
01730
01730
01731
01740
01741
01742
01742
01745
01746
01747
01748
01749
01752
01754
01756
01757
01760
01760
01760
01770
01772
01773
01773
01775
01776
01776
01778
01778
01784
01801
01801
01803
01803
01810
01810
01810
01810
01821
01821
01822
01824
01824
01824
01826
01827
01830
01830
01831
01832
01832
01833
01834
01834
01835
01835
01835
01840
01841
01842
01843
01844
01844
01844
01845
01845
01850
01851
01851
01852
01852
01853
01854
01860
01862
01862
01863
01864
01865
01866
01867
01867
01876
01879
01880
01880
01885
01886
01886
01886
01887
01887
01888
01890
01890
01901
01902
01903
01904
01904
01905
01905
01906
01907
01908
01908
01913
01915
01915
01915
01915
01921
01922
01923
01923
01929
01930
01930
01930
01930
01931
01936
01937
01938
01938
01940
01940
01940
01944
01945
01949
01950
01950
01951
01952
01952
01960
01960
01960
01961
01965
01966
01966
01969
01970
01971
01982
01983
01984
01984
01985
02018
02019
02020
02021
02025
02026
02027
02030
02032
02035
02038
02040
02041
02043
02045
02045
02045
02047
02048
02050
02051
02052
02053
02053
02054
02055
02056
02056
02059
02060
02061
02062
02065
02066
02067
02070
02071
02072
02081
02081
02090
02090
02090
02093
02108
02109
02110
02111
02112
02113
02113
02114
02114
02115
02116
02117
02118
02118
02119
02120
02120
02121
02122
02122
02123
02124
02124
02125
02125
02126
02127
02128
02128
02129
02129
02130
02131
02132
02133
02134
02134
02135
02136
02136
02137
02138
02139
02139
02139
02140
02140
02141
02141
02142
02142
02143
02143
02144
02144
02145
02145
02148
02149
02149
02150
02150
02151
02151
02152
02152
02153
02155
02156
02163
02169
02170
02171
02171
02176
02176
02180
02184
02185
02186
02187
02188
02189
02190
02190
02191
02196
02199
02203
02205
02210
02215
02215
02222
02238
02269
02283
02284
02298
02301
02302
02303
02304
02305
02322
02324
02324
02327
02330
02331
02331
02332
02333
02334
02337
02338
02339
02339
02341
02343
02345
02346
02346
02347
02347
02350
02351
02351
02355
02356
02358
02359
02360
02361
02362
02362
02364
02366
02367
02367
02368
02370
02375
02379
02379
02381
02382
02420
02421
02445
02446
02447
02451
02452
02453
02454
02455
02456
02457
02458
02459
02459
02460
02461
02462
02462
02464
02464
02465
02466
02467
02468
02471
02472
02474
02474
02475
02476
02478
02479
02481
02482
02492
02493
02494
02494
02495
02532
02532
02534
02535
02535
02536
02536
02536
02536
02537
02538
02539
02539
02540
02541
02542
02543
02543
02552
02553
02554
02554
02556
02557
02558
02559
02561
02562
02563
02564
02568
02571
02571
02574
02575
02576
02584
02601
02630
02631
02632
02633
02634
02635
02637
02638
02639
02641
02642
02643
02644
02645
02646
02647
02648
02649
02650
02651
02652
02653
02655
02657
02659
02660
02661
02662
02663
02664
02666
02667
02667
02668
02669
02670
02671
02672
02673
02673
02675
02675
02702
02703
02703
02712
02713
02715
02715
02717
02718
02718
02719
02719
02720
02721
02722
02723
02723
02724
02725
02726
02738
02738
02739
02739
02740
02741
02742
02743
02743
02744
02744
02745
02746
02746
02747
02748
02760
02760
02760
02761
02762
02762
02763
02763
02764
02766
02766
02767
02767
02768
02769
02770
02771
02777
02779
02780
02780
02790
02790
02790
02791
02801
02802
02804
02806
02807
02808
02809
02812
02812
02813
02814
02815
02816
02817
02818
02818
02822
02823
02824
02825
02826
02827
02827
02828
02829
02830
02831
02832
02833
02835
02837
02838
02839
02839
02840
02840
02841
02842
02852
02857
02859
02860
02861
02862
02863
02863
02864
02865
02865
02871
02872
02873
02874
02874
02875
02876
02877
02878
02879
02880
02881
02881
02882
02882
02883
02885
02886
02887
02888
02888
02889
02889
02891
02891
02892
02893
02894
02894
02895
02895
02896
02898
02901
02903
02903
02904
02905
02905
02906
02906
02907
02908
02908
02909
02910
02910
02911
02911
02914
02914
02915
02916
02917
02919
02920
02921
02940
03031
03032
03033
03033
03034
03036
03036
03037
03038
03040
03041
03042
03043
03044
03044
03045
03046
03047
03048
03049
03051
03051
03052
03053
03054
03055
03055
03057
03057
03060
03060
03061
03062
03063
03064
03070
03071
03073
03076
03076
03077
03079
03082
03084
03084
03086
03087
03087
03101
03102
03103
03104
03105
03106
03108
03109
03110
03110
03215
03216
03217
03218
03220
03221
03222
03223
03224
03224
03225
03226
03227
03229
03230
03231
03233
03234
03235
03237
03237
03238
03240
03241
03242
03243
03244
03245
03246
03247
03247
03247
03247
03249
03251
03252
03253
03254
03255
03256
03257
03258
03259
03260
03261
03262
03263
03264
03266
03268
03269
03272
03273
03275
03276
03278
03279
03280
03281
03282
03284
03285
03287
03287
03289
03290
03291
03293
03301
03301
03302
03303
03303
03304
03307
03307
03431
03440
03441
03441
03442
03443
03444
03445
03446
03446
03447
03448
03449
03449
03450
03451
03452
03455
03455
03456
03457
03458
03461
03462
03464
03465
03465
03466
03467
03468
03469
03470
03561
03570
03574
03576
03579
03580
03581
03582
03583
03583
03584
03585
03586
03588
03588
03590
03592
03593
03595
03597
03598
03601
03602
03603
03604
03605
03607
03608
03740
03740
03741
03743
03745
03746
03748
03749
03750
03751
03752
03753
03754
03755
03765
03766
03766
03768
03769
03770
03771
03773
03774
03777
03779
03780
03781
03782
03782
03784
03785
03801
03802
03802
03804
03809
03810
03810
03811
03812
03813
03814
03815
03816
03816
03817
03818
03819
03819
03820
03821
03823
03824
03825
03826
03826
03827
03830
03832
03833
03835
03836
03837
03837
03838
03839
03839
03840
03840
03841
03842
03843
03844
03844
03845
03846
03847
03848
03849
03850
03851
03852
03852
03853
03854
03854
03855
03856
03856
03857
03858
03859
03860
03860
03861
03862
03864
03865
03866
03867
03868
03869
03870
03871
03872
03873
03874
03875
03878
03882
03882
03883
03884
03885
03886
03887
03887
03890
03894
03896
03897
03901
03901
03902
03902
03903
03904
03905
03905
03906
03907
03907
03908
03909
03910
03911
04001
04002
04002
04003
04004
04005
04005
04006
04008
04009
04010
04011
04011
04015
04016
04017
04019
04020
04021
04021
04022
04024
04027
04027
04028
04029
04030
04032
04037
04038
04039
04040
04041
04041
04042
04043
04046
04047
04048
04049
04050
04051
04054
04055
04056
04057
04061
04062
04063
04064
04064
04066
04068
04068
04069
04070
04071
04072
04072
04073
04074
04076
04077
04078
04079
04082
04083
04083
04084
04084
04085
04085
04086
04086
04087
04088
04090
04091
04092
04093
04093
04094
04095
04096
04097
04098
04101
04101
04101
04102
04102
04103
04103
04104
04105
04105
04106
04107
04108
04108
04110
04112
04116
04210
04211
04212
04216
04216
04217
04219
04220
04220
04221
04222
04223
04224
04224
04225
04226
04226
04227
04230
04231
04234
04236
04237
04238
04239
04239
04240
04241
04243
04250
04252
04252
04253
04253
04254
04255
04256
04257
04258
04258
04259
04260
04261
04262
04263
04265
04266
04267
04268
04270
04271
04274
04275
04275
04276
04280
04280
04281
04281
04282
04284
04285
04286
04287
04288
04289
04290
04290
04291
04292
04294
04330
04330
04332
04338
04341
04342
04343
04344
04345
04346
04347
04347
04348
04349
04350
04351
04351
04352
04353
04354
04355
04357
04358
04359
04360
04363
04364
04401
04402
04406
04408
04410
04411
04411
04412
04413
04414
04415
04416
04417
04418
04419
04421
04422
04422
04424
04426
04427
04428
04428
04429
04429
04430
04431
04434
04435
04438
04441
04442
04443
04443
04444
04448
04448
04449
04450
04451
04453
04455
04456
04457
04459
04460
04461
04461
04462
04463
04464
04468
04468
04471
04472
04473
04473
04474
04474
04475
04476
04478
04479
04479
04481
04487
04488
04489
04490
04491
04492
04493
04495
04496
04497
04530
04535
04537
04537
04538
04539
04541
04543
04544
04547
04548
04548
04551
04553
04554
04555
04556
04558
04562
04562
04563
04564
04565
04568
04571
04571
04572
04573
04574
04575
04576
04578
04579
04579
04605
04606
04607
04609
04611
04612
04613
04614
04616
04617
04619
04622
04623
04624
04625
04626
04627
04628
04629
04630
04630
04631
04634
04635
04640
04640
04643
04644
04645
04646
04648
04649
04650
04652
04653
04654
04655
04657
04658
04660
04662
04664
04666
04667
04668
04669
04671
04672
04673
04674
04675
04676
04677
04679
04680
04681
04683
04684
04685
04691
04693
04694
04730
04732
04733
04733
04734
04735
04736
04738
04739
04740
04742
04743
04744
04745
04746
04747
04750
04756
04757
04758
04760
04761
04761
04762
04763
04764
04765
04766
04768
04769
04772
04773
04773
04774
04776
04777
04779
04780
04781
04783
04785
04786
04787
04841
04843
04847
04848
04848
04849
04850
04851
04852
04853
04854
04854
04855
04856
04856
04858
04859
04860
04861
04861
04862
04863
04864
04865
04901
04903
04910
04911
04911
04912
04915
04915
04917
04918
04920
04921
04922
04923
04924
04925
04925
04926
04927
04928
04929
04930
04932
04933
04935
04936
04937
04937
04938
04939
04941
04942
04943
04944
04945
04947
04949
04950
04951
04951
04952
04953
04954
04955
04956
04957
04958
04958
04961
04962
04963
04964
04965
04966
04967
04969
04970
04971
04972
04973
04974
04975
04976
04978
04979
04981
04982
04983
04984
04985
04985
04986
04987
04988
04989
04989
04992
05001
05001
05030
05031
05032
05033
05034
05035
05036
05037
05037
05038
05039
05040
05041
05042
05042
05043
05045
05046
05047
05048
05049
05050
05051
05052
05053
05054
05055
05055
05056
05058
05059
05060
05061
05061
05062
05065
05067
05067
05068
05069
05070
05071
05072
05073
05074
05075
05076
05077
05079
05081
05083
05084
05085
05086
05088
05089
05091
05101
05141
05142
05143
05146
05148
05149
05150
05151
05152
05153
05154
05155
05156
05158
05159
05161
05201
05250
05250
05251
05251
05252
05253
05254
05255
05257
05257
05260
05261
05261
05262
05262
05301
05302
05303
05304
05340
05341
05342
05343
05344
05345
05346
05350
05351
05352
05353
05354
05355
05356
05357
05358
05359
05359
05360
05361
05362
05363
05401
05402
05403
05403
05404
05406
05407
05408
05440
05441
05442
05443
05444
05445
05445
05446
05447
05448
05449
05450
05451
05452
05453
05454
05455
05456
05456
05457
05458
05459
05460
05461
05462
05463
05463
05464
05465
05465
05466
05468
05469
05470
05471
05472
05473
05473
05474
05476
05477
05478
05481
05482
05483
05485
05486
05487
05488
05489
05490
05491
05492
05494
05495
05601
05602
05640
05640
05641
05647
05648
05649
05650
05651
05652
05653
05654
05655
05656
05657
05658
05660
05661
05662
05663
05664
05665
05666
05667
05667
05669
05669
05670
05672
05672
05673
05674
05675
05676
05677
05678
05679
05680
05681
05682
05701
05701
05702
05730
05731
05732
05733
05734
05735
05735
05736
05737
05738
05739
05740
05741
05742
05743
05744
05744
05745
05746
05747
05747
05748
05750
05751
05753
05753
05757
05758
05759
05759
05760
05761
05762
05763
05764
05764
05765
05765
05766
05767
05768
05769
05770
05772
05773
05774
05775
05776
05777
05778
05819
05820
05821
05822
05823
05824
05825
05826
05827
05828
05828
05829
05829
05830
05830
05832
05833
05836
05837
05838
05839
05840
05841
05842
05843
05845
05846
05847
05848
05849
05850
05851
05853
05855
05857
05858
05859
05860
05861
05862
05863
05866
05867
05868
05871
05872
05873
05873
05874
05875
05901
05902
05902
05903
05904
05905
05906
05907
06001
06002
06010
06011
06011
06013
06016
06018
06018
06019
06020
06021
06022
06023
06023
06024
06025
06026
06026
06027
06028
06029
06029
06031
06032
06033
06034
06035
06037
06037
06039
06040
06040
06042
06043
06043
06045
06050
06051
06052
06053
06057
06057
06058
06058
06059
06060
06060
06061
06062
06063
06063
06064
06065
06066
06066
06067
06068
06069
06070
06071
06072
06073
06074
06074
06075
06076
06077
06078
06079
06081
06082
06083
06083
06084
06085
06085
06088
06088
06089
06089
06090
06090
06092
06093
06093
06095
06096
06096
06098
06102
06103
06104
06105
06106
06107
06108
06109
06110
06111
06112
06114
06115
06117
06118
06119
06120
06123
06126
06127
06128
06129
06131
06132
06133
06134
06137
06138
06140
06141
06142
06143
06144
06145
06146
06147
06199
06226
06231
06231
06232
06232
06233
06234
06235
06237
06238
06238
06239
06241
06241
06242
06243
06244
06246
06247
06247
06248
06249
06249
06250
06250
06251
06254
06254
06255
06255
06256
06258
06259
06260
06262
06263
06264
06266
06267
06268
06277
06277
06278
06279
06279
06280
06280
06281
06282
06320
06330
06331
06332
06333
06334
06334
06335
06335
06336
06338
06339
06340
06340
06340
06349
06350
06351
06353
06354
06355
06357
06357
06359
06360
06360
06365
06370
06370
06371
06372
06373
06374
06375
06376
06377
06377
06378
06378
06379
06380
06382
06383
06384
06385
06387
06388
06389
06390
06401
06403
06404
06405
06405
06405
06409
06410
06412
06413
06414
06415
06416
06417
06418
06419
06419
06420
06422
06423
06424
06426
06437
06437
06438
06439
06440
06441
06442
06443
06443
06444
06447
06450
06451
06455
06456
06457
06460
06460
06460
06461
06467
06468
06469
06470
06471
06472
06473
06473
06475
06477
06477
06478
06478
06479
06480
06481
06481
06482
06483
06484
06484
06484
06487
06488
06489
06491
06492
06492
06498
06501
06502
06503
06504
06505
06506
06507
06508
06509
06510
06511
06512
06512
06513
06513
06514
06515
06516
06516
06516
06517
06517
06518
06518
06519
06519
06520
06521
06524
06525
06525
06530
06531
06532
06533
06534
06535
06536
06601
06604
06605
06605
06606
06607
06608
06608
06610
06611
06611
06612
06612
06614
06615
06615
06702
06703
06704
06705
06705
06706
06708
06710
06712
06716
06716
06720
06721
06722
06723
06724
06725
06726
06750
06751
06752
06753
06754
06755
06756
06757
06758
06759
06762
06762
06763
06770
06770
06776
06777
06777
06778
06779
06779
06781
06782
06783
06784
06785
06785
06786
06787
06790
06791
06791
06793
06793
06794
06795
06796
06798
06801
06804
06807
06810
06811
06812
06812
06812
06813
06813
06820
06820
06820
06824
06824
06825
06829
06830
06831
06836
06838
06840
06840
06850
06851
06852
06853
06853
06854
06855
06856
06870
06875
06876
06877
06877
06878
06878
06880
06880
06881
06883
06883
06890
06896
06897
06901
06902
06903
06904
06905
06905
06906
06906
06907
06911
06912
07001
07002
07002
07002
07003
07003
07004
07004
07005
07006
07006
07007
07008
07009
07010
07010
07011
07012
07012
07013
07014
07014
07015
07016
07017
07018
07019
07019
07019
07019
07020
07021
07021
07022
07022
07023
07024
07024
07024
07026
07026
07027
07027
07028
07029
07030
07030
07030
07030
07031
07031
07032
07033
07034
07035
07036
07036
07039
07039
07040
07040
07040
07041
07042
07043
07043
07043
07044
07044
07045
07046
07046
07047
07047
07047
07050
07051
07052
07052
07052
07054
07055
07055
07057
07057
07058
07058
07059
07060
07060
07061
07062
07063
07063
07064
07064
07065
07066
07066
07067
07067
07068
07069
07069
07070
07071
07072
07073
07074
07075
07076
07077
07077
07078
07079
07080
07081
07082
07082
07083
07083
07083
07086
07086
07087
07087
07087
07087
07088
07088
07090
07091
07092
07093
07093
07093
07093
07094
07095
07096
07096
07096
07101
07102
07102
07103
07104
07104
07105
07105
07106
07107
07108
07109
07109
07110
07110
07111
07112
07114
07201
07201
07202
07202
07202
07203
07204
07204
07205
07205
07205
07206
07206
07207
07208
07208
07302
07303
07304
07304
07305
07305
07306
07307
07308
07310
07311
07401
07401
07403
07405
07405
07407
07410
07410
07410
07416
07417
07418
07418
07419
07420
07421
07422
07423
07424
07424
07428
07430
07432
07435
07435
07436
07438
07438
07439
07439
07440
07442
07444
07446
07446
07450
07451
07452
07456
07457
07458
07458
07460
07460
07461
07462
07463
07465
07470
07474
07474
07474
07474
07480
07481
07495
07501
07502
07503
07504
07505
07506
07507
07508
07509
07511
07512
07513
07514
07522
07524
07533
07538
07543
07544
07601
07602
07603
07603
07604
07604
07605
07605
07606
07607
07607
07608
07620
07621
07624
07626
07627
07628
07630
07630
07631
07631
07632
07632
07640
07641
07641
07642
07642
07643
07643
07644
07644
07645
07646
07646
07647
07648
07649
07649
07650
07650
07652
07653
07656
07657
07660
07661
07661
07661
07662
07662
07663
07666
07666
07670
07675
07675
07676
07677
07677
07701
07701
07702
07702
07704
07704
07710
07711
07711
07712
07712
07716
07717
07718
07719
07719
07720
07721
07721
07722
07722
07723
07723
07724
07726
07727
07727
07728
07730
07730
07731
07732
07732
07733
07734
07735
07737
07737
07738
07739
07739
07740
07740
07740
07740
07746
07746
07747
07748
07748
07750
07751
07751
07752
07753
07754
07754
07755
07756
07756
07757
07758
07758
07760
07762
07763
07764
07764
07765
07801
07802
07803
07820
07821
07822
07822
07823
07825
07826
07827
07827
07828
07830
07831
07832
07833
07834
07836
07837
07838
07838
07839
07840
07842
07843
07844
07845
07846
07847
07847
07848
07848
07849
07850
07850
07851
07852
07852
07853
07855
07856
07857
07860
07863
07865
07865
07866
07866
07869
07870
07871
07874
07875
07876
07877
07878
07879
07880
07882
07885
07885
07901
07902
07920
07920
07921
07922
07924
07926
07927
07927
07928
07928
07930
07931
07931
07932
07933
07934
07934
07935
07936
07938
07939
07940
07940
07945
07946
07950
07960
07961
07962
07963
07970
07974
07974
07976
07977
07978
07979
07980
07981
08001
08002
08002
08003
08003
08004
08005
08005
08006
08007
08007
08008
08008
08008
08008
08009
08009
08010
08010
08011
08012
08012
08014
08015
08016
08018
08019
08019
08020
08020
08021
08021
08021
08022
08022
08023
08025
08026
08026
08027
08028
08028
08029
08029
08030
08030
08031
08032
08033
08033
08034
08035
08035
08036
08036
08037
08038
08039
08041
08042
08043
08045
08045
08046
08048
08048
08049
08049
08050
08051
08051
08052
08053
08053
08054
08054
08055
08055
08056
08057
08057
08059
08059
08060
08060
08061
08061
08062
08063
08063
08064
08065
08065
08066
08066
08067
08067
08068
08069
08069
08070
08071
08071
08072
08073
08074
08075
08075
08075
08077
08077
08078
08078
08079
08079
08080
08081
08083
08083
08084
08085
08086
08086
08087
08087
08088
08089
08089
08090
08090
08091
08091
08092
08092
08093
08093
08094
08095
08096
08096
08097
08098
08098
08099
08101
08102
08103
08104
08105
08105
08106
08106
08107
08107
08108
08108
08109
08109
08110
08110
08201
08201
08202
08202
08203
08203
08204
08204
08205
08210
08212
08213
08214
08215
08215
08217
08218
08219
08220
08221
08221
08223
08224
08225
08225
08226
08226
08230
08230
08231
08232
08232
08234
08240
08241
08241
08242
08243
08244
08245
08246
08247
08247
08248
08250
08251
08251
08252
08260
08260
08270
08302
08310
08310
08311
08311
08312
08312
08313
08314
08315
08316
08317
08318
08319
08319
08320
08321
08322
08322
08323
08324
08326
08326
08327
08328
08329
08330
08332
08340
08341
08341
08342
08343
08343
08344
08344
08345
08345
08346
08347
08348
08349
08349
08350
08352
08353
08360
08361
08362
08362
08401
08402
08403
08403
08404
08406
08406
08501
08501
08502
08504
08505
08510
08511
08512
08512
08514
08514
08515
08515
08518
08518
08520
08525
08525
08526
08527
08528
08530
08530
08533
08534
08535
08536
08540
08542
08542
08543
08550
08550
08551
08553
08554
08554
08555
08556
08557
08558
08558
08559
08559
08560
08560
08561
08562
08601
08602
08603
08604
08605
08606
08607
08608
08609
08610
08610
08611
08611
08618
08619
08619
08620
08620
08625
08628
08628
08629
08629
08638
08640
08641
08641
08648
08648
08650
08690
08690
08691
08691
08701
08720
08721
08722
08722
08723
08723
08724
08730
08730
08731
08732
08733
08733
08734
08734
08735
08735
08736
08738
08738
08739
08740
08741
08741
08742
08742
08742
08750
08751
08751
08752
08752
08753
08754
08755
08756
08757
08758
08759
08759
08801
08802
08802
08803
08804
08804
08805
08807
08808
08809
08810
08812
08812
08816
08817
08818
08818
08818
08820
08821
08822
08822
08823
08824
08825
08826
08827
08828
08828
08829
08830
08830
08831
08831
08832
08832
08833
08834
08835
08835
08836
08837
08840
08840
08844
08846
08848
08850
08850
08852
08853
08853
08854
08855
08855
08857
08858
08859
08859
08861
08862
08863
08865
08867
08868
08869
08870
08871
08872
08873
08875
08875
08876
08876
08879
08879
08880
08882
08884
08884
08885
08886
08887
08887
08888
08889
08890
08901
08902
08902
08903
08903
08904
08904
08906
10001
10001
10002
10003
10004
10005
10006
10007
10008
10009
10009
10009
10010
10011
10011
10011
10012
10012
10013
10013
10014
10014
10016
10017
10018
10019
10020
10021
10021
10022
10023
10023
10024
10025
10025
10025
10026
10026
10027
10028
10029
10030
10031
10031
10032
10032
10033
10033
10034
10035
10035
10036
10037
10038
10039
10040
10044
10065
10069
10075
10101
10104
10105
10106
10107
10108
10110
10111
10112
10113
10116
10118
10119
10122
10123
10128
10128
10129
10150
10151
10153
10156
10159
10162
10163
10165
10166
10167
10168
10169
10170
10171
10173
10174
10175
10176
10178
10185
10268
10272
10274
10276
10280
10282
10301
10302
10303
10303
10304
10305
10306
10307
10308
10308
10309
10309
10310
10312
10312
10313
10314
10451
10451
10452
10452
10452
10453
10454
10455
10456
10457
10458
10458
10459
10460
10461
10461
10462
10462
10463
10463
10464
10465
10466
10467
10467
10467
10467
10468
10469
10469
10470
10471
10472
10473
10474
10474
10475
10475
10501
10502
10503
10504
10505
10505
10506
10507
10509
10510
10510
10511
10512
10514
10516
10516
10517
10518
10518
10519
10520
10521
10522
10523
10523
10524
10526
10527
10528
10530
10532
10533
10535
10536
10537
10537
10538
10540
10541
10542
10543
10545
10546
10546
10547
10548
10549
10550
10551
10552
10552
10553
10553
10560
10562
10566
10567
10570
10573
10576
10577
10578
10578
10579
10580
10583
10583
10583
10587
10588
10589
10590
10590
10591
10591
10594
10595
10596
10597
10597
10598
10601
10602
10602
10603
10603
10604
10605
10605
10606
10607
10701
10702
10703
10704
10705
10706
10707
10708
10709
10709
10710
10801
10802
10803
10804
10805
10901
10910
10911
10912
10913
10914
10915
10916
10917
10918
10919
10920
10921
10922
10923
10924
10925
10926
10927
10928
10930
10931
10932
10933
10940
10941
10941
10949
10950
10952
10953
10954
10954
10956
10958
10959
10960
10962
10963
10964
10965
10968
10968
10969
10970
10973
10974
10975
10976
10977
10977
10979
10980
10981
10982
10983
10984
10985
10985
10986
10987
10987
10988
10989
10990
10992
10993
10994
10996
10997
10998
11001
11002
11003
11003
11003
11004
11004
11005
11010
11020
11021
11022
11023
11023
11024
11030
11030
11040
11040
11040
11040
11042
11042
11050
11096
11096
11101
11101
11102
11103
11103
11104
11105
11106
11109
11201
11202
11203
11204
11205
11205
11206
11207
11208
11209
11210
11211
11212
11212
11213
11214
11215
11216
11217
11217
11218
11219
11220
11220
11221
11222
11223
11224
11224
11225
11226
11228
11229
11229
11229
11230
11231
11232
11232
11233
11234
11234
11235
11236
11237
11238
11239
11247
11249
11352
11354
11355
11356
11357
11358
11360
11360
11361
11361
11362
11362
11363
11364
11365
11365
11366
11366
11367
11368
11368
11369
11370
11370
11371
11372
11372
11373
11374
11375
11375
11377
11378
11379
11380
11385
11386
11411
11412
11413
11414
11414
11415
11416
11417
11417
11418
11419
11420
11421
11422
11423
11424
11426
11427
11428
11429
11430
11431
11432
11433
11434
11434
11435
11435
11435
11436
11501
11507
11509
11510
11510
11514
11514
11516
11518
11520
11530
11531
11542
11545
11545
11547
11548
11550
11551
11551
11552
11553
11554
11557
11558
11559
11560
11561
11563
11565
11566
11566
11568
11568
11569
11570
11571
11572
11575
11576
11577
11579
11580
11581
11582
11590
11596
11598
11690
11691
11692
11693
11693
11694
11697
11701
11702
11702
11703
11704
11705
11706
11706
11707
11709
11710
11710
11713
11714
11715
11716
11717
11718
11719
11720
11721
11722
11724
11724
11725
11726
11727
11729
11730
11731
11732
11733
11733
11735
11735
11738
11739
11740
11741
11742
11742
11743
11743
11746
11746
11747
11747
11749
11751
11752
11753
11753
11754
11755
11756
11757
11758
11758
11762
11762
11763
11764
11765
11766
11767
11768
11769
11770
11771
11772
11776
11777
11777
11778
11779
11779
11780
11782
11782
11782
11783
11784
11786
11787
11788
11788
11788
11789
11790
11790
11791
11792
11793
11793
11795
11796
11797
11797
11798
11798
11801
11802
11803
11804
11901
11930
11931
11932
11933
11934
11935
11937
11937
11939
11939
11940
11941
11942
11944
11946
11947
11948
11948
11949
11950
11951
11952
11953
11954
11955
11956
11957
11958
11958
11959
11960
11961
11962
11963
11964
11965
11967
11968
11969
11970
11971
11972
11973
11975
11976
11977
11978
11980
12007
12008
12009
12010
12015
12017
12018
12019
12020
12020
12022
12023
12024
12025
12027
12028
12029
12031
12032
12033
12035
12036
12037
12040
12041
12042
12043
12045
12046
12047
12050
12051
12052
12053
12054
12056
12057
12058
12059
12060
12061
12062
12063
12064
12065
12065
12066
12067
12068
12070
12071
12072
12073
12074
12075
12076
12077
12078
12082
12083
12084
12085
12086
12087
12090
12092
12093
12094
12095
12106
12108
12110
12115
12116
12117
12118
12120
12121
12122
12123
12124
12125
12128
12130
12131
12132
12133
12134
12136
12137
12138
12139
12140
12141
12143
12144
12147
12148
12149
12150
12151
12153
12154
12155
12156
12157
12158
12159
12160
12161
12164
12165
12166
12167
12168
12169
12170
12172
12173
12174
12175
12176
12177
12180
12181
12182
12182
12183
12183
12184
12185
12186
12187
12188
12189
12190
12192
12193
12194
12195
12196
12197
12198
12201
12202
12203
12203
12204
12204
12205
12205
12206
12206
12207
12208
12208
12209
12209
12210
12211
12211
12212
12220
12223
12224
12301
12302
12302
12303
12304
12305
12306
12307
12308
12309
12325
12401
12402
12402
12402
12404
12405
12405
12406
12406
12407
12407
12409
12409
12410
12411
12411
12412
12413
12414
12416
12417
12418
12418
12419
12419
12420
12421
12421
12422
12423
12424
12427
12427
12428
12429
12430
12431
12432
12433
12433
12434
12435
12436
12438
12439
12439
12440
12440
12441
12442
12443
12444
12444
12446
12448
12448
12449
12450
12450
12451
12451
12452
12453
12454
12454
12455
12456
12457
12457
12458
12458
12459
12460
12460
12461
12463
12464
12465
12465
12466
12466
12468
12468
12469
12470
12471
12472
12473
12473
12474
12475
12477
12480
12481
12482
12483
12484
12485
12486
12486
12487
12487
12489
12490
12491
12492
12493
12494
12494
12495
12495
12496
12498
12501
12501
12502
12502
12503
12504
12506
12507
12508
12510
12512
12513
12514
12514
12515
12516
12517
12517
12518
12520
12521
12522
12523
12523
12524
12525
12525
12526
12527
12528
12529
12530
12531
12533
12533
12534
12537
12538
12540
12540
12541
12542
12542
12543
12544
12545
12546
12547
12547
12548
12549
12550
12550
12551
12552
12553
12561
12563
12563
12564
12565
12566
12567
12568
12569
12569
12570
12570
12571
12572
12574
12575
12577
12578
12578
12580
12580
12581
12581
12582
12582
12583
12584
12585
12586
12588
12589
12590
12592
12594
12601
12601
12602
12603
12603
12701
12719
12719
12720
12720
12721
12721
12722
12723
12724
12725
12726
12726
12729
12732
12733
12734
12734
12736
12736
12737
12738
12738
12740
12741
12742
12743
12743
12745
12746
12746
12747
12747
12748
12749
12750
12751
12752
12752
12754
12758
12759
12759
12760
12760
12762
12763
12763
12764
12765
12766
12767
12768
12768
12769
12770
12771
12771
12775
12775
12776
12776
12777
12778
12779
12780
12781
12783
12783
12784
12785
12786
12787
12788
12789
12790
12791
12792
12801
12803
12804
12804
12808
12809
12810
12811
12812
12814
12815
12816
12817
12819
12820
12821
12822
12823
12824
12827
12828
12831
12831
12832
12833
12834
12835
12836
12837
12838
12839
12839
12841
12842
12843
12844
12845
12846
12847
12848
12849
12850
12851
12852
12853
12854
12855
12856
12857
12858
12859
12859
12860
12861
12862
12863
12864
12865
12866
12866
12870
12871
12872
12873
12874
12878
12883
12884
12885
12886
12887
12901
12903
12910
12911
12912
12913
12914
12915
12916
12917
12918
12919
12920
12921
12922
12923
12924
12926
12927
12928
12929
12930
12932
12933
12934
12935
12936
12937
12939
12941
12942
12943
12943